playerLocations:
  82530bfc-6678-31be-96ea-ffedcc20f7de:
    world: world
    x: -209.52019117932923
    y: 81.0
    z: -156.72797024756565
    yaw: 0.0
    pitch: 0.0
