playerLocations:
  82530bfc-6678-31be-96ea-ffedcc20f7de:
    world: world
    x: -340.4336435224623
    y: 162.0
    z: -161.30000001192093
    yaw: -12.898315
    pitch: 69.211235
  64976df5-9f96-38cb-9551-2f371dcc84fe:
    world: world
    x: -212.05735926303367
    y: 81.0
    z: -152.773889604025
    yaw: 107.40001
    pitch: 48.600002
login:
  world: world
  x: -208.442578807014
  y: 81.0
  z: -159.61088388691007
  yaw: 3.750183
  pitch: 86.39997
