playerLocations:
  82530bfc-6678-31be-96ea-ffedcc20f7de:
    world: world
    x: -216.30305554287034
    y: 81.0
    z: -152.321375084179
    yaw: 0.0
    pitch: 0.0
  64976df5-9f96-38cb-9551-2f371dcc84fe:
    world: world
    x: -212.05735926303367
    y: 81.0
    z: -152.773889604025
    yaw: 107.40001
    pitch: 48.600002
